5402 5.49284836528326 3.90561033925012
5403 6.57165285951332 4.28617088070071
5404 7.10342958603914 4.4470443889095
5405 6.97215659637147 4.40727315248016
5406 5.96237077263757 4.07050776128376
5407 9.89314953412407 5.25417455050577
5408 3.81750203858311 3.25667832025839
5409 8.50958344459559 4.87314336892334
5410 3.50402789224216 3.12141272111183
5411 3.69618886981792 3.20312957837914
5412 6.18452247018643 4.14407413083937
5413 5.18590108028106 3.79485528441794
5414 6.062301331851 4.10258575052955
5415 8.08834154630577 4.75698701152259
5416 4.91269623282552 3.69541771509462
5417 7.16671527667778 4.46276634232668
5418 10.9389706024269 5.52349962010366
5419 5.22581154308192 3.80821943763348
5420 11.1978922751323 5.59367697471257
5421 6.39199571520012 4.21669878811044
5422 6.50434040956069 4.25281209995612
5423 7.09904131077287 4.4437591112028
5424 6.92171708596647 4.38542154277648
5425 7.02547275793237 4.42936087245459
5426 7.34649447137729 4.52588135133315
5427 3.60285583924328 3.18244469263681
5428 6.50301706298277 4.25505723041785
5429 6.9610313412723 4.39949666631382
5430 10.4072002846025 5.39999682480301
5431 8.05965202907054 4.74453802916363
5432 5.06421636472558 3.75200059565582
5433 7.03539669038288 4.42401524013081
5434 5.61579642591203 3.95681198908223
5435 12.6680119604779 6.01899579923758
5436 10.2678639320111 5.36351054764606
5437 8.1761130841936 4.77711109469838
5438 8.9018852119257 4.99052030557646
5439 4.94455188723695 3.70834393103429
5440 7.40739742203642 4.54291097488572
5441 8.43933379877112 4.86241401972123
5442 6.9534901793514 4.39935197912034
5443 6.17960124176326 4.1491707122782
5444 6.41644399294916 4.2404308704502
5445 9.96071376220476 5.31171989973432
5446 7.68369929987582 4.63680624221181
5447 9.7588969803345 5.33240014671099
5448 4.28159028827542 3.4494179933236
5449 3.52748921599373 3.12847572368639
5450 3.25775638451333 3.00771947129527
5451 6.1454617373147 4.1604576787445
5452 7.62740264313464 4.60943446452052
5453 7.17298550665535 4.46347777687164
5454 6.7917157642504 4.35078565530236
5455 6.73944727445607 4.32846914610442
5456 6.21082841743431 4.1570390670583
5457 12.3393523506138 5.87528640681032
5458 6.92960916856163 4.39730610867339
5459 8.73210128747535 4.93458439364989
5460 3.78680949390657 3.24320238584026
5461 5.83451557143435 4.0599228724487
5462 5.83330648035419 4.03781028787887
5463 3.91853926669147 3.29775197939159
5464 11.7510607433677 5.89595430403072
5465 4.29087545812671 3.45941959408579
5466 6.19556319722488 4.15502039987152
5467 10.2351531413477 5.34669864140049
5468 5.26718678287337 3.82581406104608
5469 4.34336944680466 3.47479281743822
5470 3.72282735919533 3.21361655455728
5471 3.78748880401703 3.26000507079458
5472 7.49029878776154 4.56673132629974
5473 3.33372093209692 3.04276502303999
5474 6.27993443406011 4.17843289810548
5475 5.42244360058478 3.9051330469901
5476 7.35106882670656 4.52736277500568
5477 5.56661097745203 3.93334300716855
5478 3.81717333380972 3.25492591008382
5479 4.43606765574556 3.51027607734497
5480 6.26214752127981 4.17468464372804
5481 9.21803534993361 5.07450209026871
5482 6.0188331261872 4.09202666471892
5483 7.15409834940553 4.47266968894612
5484 5.18617735618804 3.79667231811754
5485 8.8150268877704 4.95806054930453
5486 4.59313788833803 3.57111875492659
5487 6.22901470216032 4.16171251469345
5488 5.66218986635293 3.97062011480892
5489 10.0419191109889 5.40300137994104
5490 5.39516494085021 3.87163357944236
5491 1.76475189924401 2.21812691058413
5492 5.06446915828438 3.75299229613832
5493 11.5239465185755 5.69160122437741
5494 8.7932172421839 4.9547938179391
5495 6.12334148045455 4.12616397806097
5496 9.77599185340483 5.22261006827465
5497 3.42987498204052 3.08462572377007
5498 5.59709768262944 3.94426288719497
5499 4.33750612552056 3.47244942587697
5500 5.25421368935026 3.84979495735954
5501 4.35266178366975 3.47680333721181
5502 5.03036719456084 3.74036796928641
5503 3.7703384038252 3.2688272589483
5504 7.27346275058194 4.51639574799795
5505 6.99567325292957 4.42181778741727
5506 9.93182446880927 5.2657406679943
5507 10.6114334904318 5.4419025475585
5508 5.18405359673342 3.79678043896471
5509 15.4199266359711 6.59212356836098
5510 5.54319195398022 3.93312257273269
5511 9.67494287040103 5.20574582474867
5512 5.45131954224863 3.89752674123592
5513 7.14826161825526 4.47293574643315
5514 5.91125141197021 4.05428333590452
5515 8.79722748502446 4.95500415455982
5516 6.59612400000957 4.28745623504476
5517 6.27098623288908 4.1863260803718
5518 4.77062486148507 3.64150326333018
5519 5.87032671150284 4.04851031953799
5520 5.12866386004953 3.78645546828455
5521 4.97744835611399 3.71833439765678
5522 7.33163106905393 4.5134743070426
5523 11.3423531816428 5.63392707948556
5524 8.19900118367998 4.78487608327451
5525 8.94730770013674 5.00167391724015
5526 4.55525884919752 3.55735617118489
5527 5.91356408222337 4.0545503479995
5528 4.42743087736317 3.5102210074883
5529 8.10661892467651 4.76055623553553
5530 7.75861118718248 4.66700581261814
5531 7.23196721346474 4.49680952943428
5532 7.24117660458916 4.49024180884062
5533 6.86994545034051 4.37308857770013
5534 4.01693006870207 3.33901700249912
5535 13.0695354843055 6.13029988652177
5536 5.26158013689122 3.82858672887694
5537 7.25225781023975 4.4974120278984
5538 4.39349922368868 3.52225234505515
5539 8.98692114114557 5.00444442960542
5540 5.10244192851615 3.76437799336087
5541 7.99711653296074 4.71942820630363
5542 5.96665659392977 4.07447090062647
5543 6.66934075806673 4.31953459271593
5544 4.37457199920039 3.49140590361488
5545 6.79728527529989 4.34717774900005
5546 7.10126218893102 4.44712089740717
5547 7.6422339726102 4.61406504748226
5548 4.49116281028852 3.53426924392927
5549 5.1594854443673 3.78600765848935
5550 5.88835327396966 4.05609129862138
5551 9.45666276733473 5.14544238800692
5552 6.14769442378051 4.13377090107137
5553 5.13482838470046 3.77663269572845
5554 15.6802254590399 6.7882008606097
5555 7.30580982338431 4.5129963881581
5556 3.3189701778649 3.03854879361423
5557 6.91875272211678 4.38956991987525
5558 7.80975816355839 4.66163739445107
5559 7.74200854373889 4.64492294964049
5560 7.09672107101499 4.45546862110199
5561 3.6793570007723 3.19583384907614
5562 5.70100911739008 4.04137029677303
5563 4.91162264154942 3.69642006776044
5564 5.07083712249366 3.75024023234506
5565 7.12886562591641 4.44993143087674
5566 6.76303179870528 4.46032071353774
5567 6.40111432190722 4.22689039178072
5568 3.79246222637605 3.24693787065248
5569 6.04993313149105 4.10177611881559
5570 5.57395670709017 3.93840209382366
5571 8.45432251339558 4.86187935736087
5572 10.3571765302592 5.39391802572197
5573 6.45945888529226 4.23630855102556
5574 6.29736110453937 4.19025179861038
5575 5.28243798954809 3.83225778626009
5576 7.75713618963147 4.6446832161057
5577 3.84003707014375 3.26548597225657
5578 3.98491369662374 3.32679776404414
5579 7.55991738848232 4.60050687430583
5580 4.58482454649049 3.56849402515389
5581 4.45055490826096 3.51523044397862
5582 6.2227655269573 4.16081845390804
5583 3.71943537553741 3.21627509035027
5584 4.66227868684297 3.59908769523704
5585 5.08184248288087 3.76361546471123
5586 4.89526398287294 3.69288932506303
5587 5.15549359763577 3.78430124025404
5588 4.95175752750532 3.71276561503485
5589 6.3035912899502 4.18627052251705
5590 4.42912468029929 3.50517899693539
5591 6.81528146906993 4.35545586626772
5592 8.99659948823445 5.01012883284065
5593 4.74533673775766 3.63702415954563
5594 6.09610051858869 4.12103785867167
5595 5.11119277489194 3.77116127830521
5596 5.23522871938869 3.81816756049851
5597 12.5764127605571 5.95398988365458
5598 4.61448122963894 3.57919737997033
5599 6.46884613578222 4.27055362036989
5600 12.0171497771965 5.8251267585364
5601 6.99293407643994 4.40909588982918
5602 9.57777780860631 5.1827211726002
5603 3.25082928656118 3.00438366653769
5604 4.24652662877732 3.43401459556289
5605 11.6234051465243 5.74310332054496
5606 4.94862759231055 3.70940301001515
5607 7.20729594888181 4.49536162962395
5608 5.94687151700379 4.07573897369177
5609 5.18204856121626 3.79213311885622
5610 4.70544981560449 3.61556563793367
5611 6.30428374614446 4.18508798844358
5612 6.46770989750877 4.23857327836799
5613 8.74354970090758 4.93219518444892
5614 12.2979846694982 5.89152476169243
5615 6.59212187194816 4.2924307159741
5616 5.38842855339247 3.86822722921204
5617 5.37236670955398 3.86441693180896
5618 6.45965453311224 4.24211663203616
5619 4.20959739716777 3.42687185639004
5620 3.67188170090178 3.19134819422039
5621 7.88348648509376 4.68420927503472
5622 8.19317516131089 4.77600943561633
5623 5.69129829072415 3.98177810575457
5624 8.85393595367958 4.97716091076223
5625 7.43125894497596 4.55422098748312
5626 5.13165488782849 3.77235962754069
5627 7.53221162172443 4.58173215719154
5628 4.42750663868238 3.50453707958593
5629 6.25166474530334 4.17890846786929
5630 6.96612868086618 4.40399420510124
5631 13.3678376845653 6.14612334334783
5632 14.7668116212714 6.44180481778492
5633 5.75475048140766 4.00591210772107
5634 5.22572456639134 3.81004084736657
5635 5.46539206134257 3.90166164004824
5636 7.11894717575203 4.69696422314043
5637 3.65870265895738 3.18586559556436
5638 3.92906583901203 3.30117077757891
5639 11.2751570098744 5.61269754109147
5640 9.37753042811297 5.12018090728599
5641 7.79494584053039 4.67594005523908
5642 6.05462166356698 4.11412695370872
5643 5.3083141883249 3.83775429257549
5644 9.41623256665996 5.13845766881112
5645 3.6772160388494 3.19405144338436
5646 8.67885992449292 4.91910025507139
5647 3.96603918770999 3.32430360552746
5648 9.30536312193898 5.10000888037309
5649 11.6949535293783 5.78098033350175
5650 5.49706832430768 3.90907056404795
5651 8.43338436789075 4.85229539279589
5652 18.8477102173923 7.62112238633069
5653 4.33258727589581 3.46841034371318
5654 7.16663257294947 4.46489727549396
5655 4.90061571235794 3.69193172097129
5656 8.95763554960255 4.99123029923977
5657 8.52336702029423 4.87151229224367
5658 4.5804527931983 3.56587508195895
5659 6.16194816957148 4.13610712934364
5660 5.72587884205543 3.99008641059214
5661 4.99769012579924 3.72601126501912
5662 7.41145279444398 4.55827029593473
5663 6.2034443520539 4.15066734797094
5664 4.62413891747342 3.58499219777264
5665 11.082595746861 5.57190686376288
5666 6.29320583530469 4.18264653856969
5667 8.77513356545911 4.9700358508955
5668 12.3779174618276 5.99568572429395
5669 7.76059873687192 4.6497461795614
5670 6.26341737227929 4.23278143473624
5671 8.63871446745939 4.91838986592266
5672 4.51725463815596 3.54299533253998
5673 5.21030007727866 3.8053249866844
5674 5.31124593348486 3.85888367550085
5675 7.60831314156472 4.59849082737646
5676 8.70988832448251 4.94528487867023
5677 2.88768691621641 2.83035466717676
5678 12.965724922724 6.02921389784136
5679 5.29129312363148 3.83425032576467
5680 5.10811642990299 3.76928897650713
5681 4.94199667936698 3.70259765935329
5682 7.21867016981847 4.48627316370003
5683 16.5853114418991 6.93977322826558
5684 4.89201764815173 3.68347503400653
5685 4.83101432215973 3.66722074244504
5686 4.00347215929998 3.33356114166173
5687 11.9585395702612 5.78513873939311
5688 7.76855131596426 4.65646461304786
5689 5.90621478554664 4.05304102855491
5690 8.30776707679508 4.80570357136349
5691 8.76324929107024 4.93731281027806
5692 6.95278226861414 4.40757043014807
5693 3.19072858496023 2.97588234730265
5694 7.66982079433693 4.62163605795226
5695 8.02137762257979 4.76753202859699
5696 3.77789512937823 3.23756967572473
5697 5.15313620258723 3.78359728121731
5698 6.13892608715714 4.13756062173953
5699 3.35728782880752 3.05177208876691
5700 9.68012141598539 5.19728998471069
5701 5.1505594270047 3.79868144296014
5702 3.96564494349299 3.31688354278603
5703 7.83932965027153 4.67866542263008
5704 3.5394863053946 3.1345981520743
5705 10.0511976184529 5.30377317561882
5706 3.50967645171935 3.1205515973024
5707 7.10474414987811 4.44415433845226
5708 11.4009418236717 5.88139800603045
5709 6.28202654446673 4.19002028676942
5710 4.54445974391133 3.55332123291991
5711 12.2720069929173 5.86450717864013
5712 13.0920281866175 6.07143853997038
5713 4.57438541649295 3.56522346832211
5714 8.19753704867082 4.77963691389143
5715 6.56925293150934 4.31359181298753
5716 4.65685719187003 3.61012813086608
5717 6.87742834437965 4.38137476708566
5718 7.62786312512453 4.62760990893191
5719 5.09859764065695 3.76266705672508
5720 6.84416075058954 4.37972131806661
5721 6.0659768115693 4.11576273322625
5722 9.06714719677474 5.02597291951809
5723 4.94601631006709 3.70487954783945
5724 11.968300915691 5.79450387458568
5725 6.32906196695843 4.19389154300254
5726 10.6594314372651 5.46461455795956
5727 7.14941986591448 4.47338376724792
5728 5.49925314451589 3.91966198915132
5729 6.3794371636454 4.21401908938289
5730 5.82586530414974 4.02463027704337
5731 16.8035723912952 6.86423877681626
5732 6.16023287940296 4.14079222486526
5733 14.1235196434583 6.28921982176411
5734 8.16988249683355 4.77940901575951
5735 12.857663195702 5.99681278598572
5736 7.64198933165 4.60911770891607
5737 13.6156390809937 6.19046936256422
5738 7.39206102718868 4.54597504075595
5739 6.29266417958244 4.1975091985113
5740 6.01652540055874 4.14551456403127
5741 6.74980987898149 4.34218240766746
5742 4.62160027225683 3.59692770678567
5743 7.18452490305897 4.47609525569693
5744 14.9064712943195 6.47944672846313
5745 16.3571439001482 6.82365744996935
5746 5.07229937509549 3.76357395224536
5747 6.3970665703648 4.22487699793398
5748 8.5225072304994 4.88527492294536
5749 6.76976061021806 4.36688184175907
5750 7.62074271463012 4.61001009608278
5751 8.45283640653848 4.85437706646291
5752 7.39869501575164 4.53822428670165
5753 26.6509560955086 8.82091841117856
5754 6.70277450639605 4.3221295362608
5755 7.20560663226072 4.49073155647919
5756 8.46645011759742 4.85329295170228
5757 7.11446767392102 4.453655357056
5758 6.2579945293632 4.16946037577149
5759 5.35468582037586 3.87531976832001
5760 7.94293778269457 4.69937667677795
5761 8.6922139412056 4.92776399817619
5762 4.46529705114751 3.5292179586414
5763 7.14918395486023 4.46644129788706
5764 11.2456015965008 5.65285623951999
5765 9.60204581287304 5.18592311844129
5766 9.27724451555464 5.09146033706513
5767 4.54003190618736 3.55323263570864
5768 7.82219286240333 4.67572336017036
5769 9.78719619889437 5.22835031041569
5770 6.45535706210142 4.23607998713887
5771 8.35235507900319 4.82409365347592
5772 8.49186028282252 4.86985428115212
5773 7.37091720405619 4.52791492266677
5774 8.23644652067641 4.81113671627697
5775 7.45866534729251 4.55901880744376
5776 13.8825505922788 6.2582394792028
5777 15.1279629633053 6.5338270526061
5778 9.46492047984999 5.14192496159755
5779 13.0350430622029 6.04230882160459
5780 7.27685862354335 4.50709748772647
5781 6.85798358213878 4.37178999027061
5782 10.0651456780743 5.29617498810249
5783 8.3611626054411 4.82294021036491
5784 8.60368095258151 4.90865232399794
5785 6.71384476157746 4.31868862631927
5786 5.97646809138368 4.07666073921755
5787 8.38397826697521 4.85048463948719
5788 12.6524027363608 5.9465163393858
5789 7.08052260393043 4.4391542570962
5790 6.08946322812138 4.12907998536331
5791 7.56171864593109 4.58774533889741
5792 4.74344911795739 3.64258648503428
5793 13.5799665887862 6.18651741913307
5794 6.16328912734033 4.14250461867831
5795 11.5410406344049 5.68128364044553
5796 13.6851633144578 6.20488153216271
5797 21.97488564553 8.14879796643634
5798 12.2175249066064 5.85250975794413
5799 8.09104647755982 4.76089396211042
5800 7.94284158841977 4.70302644784949
5801 9.68544412806456 5.18532669456494
5802 7.47592066101061 4.56666221610799
5803 15.5888214451709 6.64086177207637
5804 12.2936374540308 5.86055950153888
5805 6.54657027228062 4.27186020464454
5806 4.03999220118936 3.37776629172786
5807 7.0316883134498 4.42325273416559
5808 3.81776997609028 3.2648183709249
5809 11.6618297692737 5.78392050560927
5810 6.85421774745106 4.3946445239062
5811 7.97149614540454 4.70918217102368
5812 9.67642416448393 5.20333028180941
5813 10.5928926635919 5.46338457720285
5814 8.21963234822254 4.79520641399912
5815 13.476225630896 6.19613253160932
5816 7.48752419089984 4.57839307182836
5817 7.9503864623203 4.7032097013852
5818 3.96462866176584 3.33682790725091
5819 8.30552932070448 4.82094385247525
5820 8.45511994020981 4.85301728342577
5821 7.30326642815901 4.50621851825454
5822 9.0581319646366 5.04947007123279
5823 4.92006676519147 3.69971984745905
5824 7.09475294322049 4.45135220478731
5825 7.72933449288215 4.63874062710672
5826 12.6621075600232 5.97567338478238
5827 8.8564029098324 4.99645146253452
5828 6.72895865342638 4.33637492032727
5829 6.71427408020371 4.33441681493275
5830 5.15599487427407 3.78906687521303
5831 6.51077539165917 4.26361912450741
5832 5.41006240985977 3.8787651661746
5833 9.12781000204964 5.07376742276405
5834 9.94379379316095 5.27136440405841
5835 7.13607493562836 4.45662907626045
5836 7.5711854402539 4.59959072857039
5837 4.40908501310543 3.50075679953495
5838 5.58366267516188 3.94302285026923
5839 7.97999057252276 4.71494872763654
5840 6.51758265231213 4.25745106240667
5841 5.13106951516881 3.77933018171803
5842 6.84589075361722 4.36197854633876
5843 6.68746180370075 4.31676677131851
5844 10.391793376289 5.38103387335675
5845 12.0439956595259 5.80578795097162
5846 6.46956881569175 4.24262534596334
5847 6.61703650213043 4.29762570647324
5848 9.4335978868397 5.13741746258742
5849 9.0891602398933 5.03189242891119
5850 9.17299995796619 5.06937416039516
5851 10.2978066906306 5.37104269889767
5852 5.6830428364339 3.97632249688115
5853 10.2400496647875 5.35896543565676
5854 5.68602486800387 3.98280565928413
5855 5.36257608553501 3.86971130330565
5856 8.7653350394528 4.96466095113725
5857 7.32525192476437 4.53622722448666
5858 6.23484585019055 4.17144968623341
5859 6.70917502297074 4.31699161508369
5860 7.73230258276006 4.64232920061763
5861 7.39685992334618 4.54225406813627
5862 21.9018214878785 7.97686352007826
5863 13.1458867227057 6.07228485500173
5864 6.43181660067093 4.23095010009152
5865 6.9842559864316 4.40534444104859
5866 11.0341759929626 5.54763838307835
5867 5.72452109046264 3.99377727682944
5868 12.6835414674713 5.95465955531631
5869 6.85502304128544 4.36577598081218
5870 10.1578307067287 5.33024932924643
5871 9.34941091531898 5.11841331634477
5872 8.38732740057396 4.83193605932059
5873 9.7888245402652 5.23103538575842
5874 3.32889886576442 3.05253548410315
5875 7.470238926212 4.55323731905197
5876 4.55255006079304 3.55786353084407
5877 7.77549196283646 4.65748623462645
5878 10.6188133114008 5.45765632178115
5879 8.73471231359463 4.93975950662855
5880 9.62583612817287 5.18457725168378
5881 9.53520425302636 5.15853768284829
5882 12.133350473179 5.86295321783696
5883 9.75554067127339 5.23274197715402
5884 10.337761672635 5.37412243057359
5885 6.88179794009058 4.37680710192663
5886 5.77281114712079 4.02970588564323
5887 6.37003477477954 4.21065981189886
5888 11.5422864260731 5.67825802152961
5889 7.17302605350443 4.48732584104824
5890 4.45833998360131 3.52663091181755
5891 14.9293197236237 6.48873241437236
5892 4.78853906866726 3.65472317259399
5893 6.49659943463406 4.24878247234717
5894 5.40476132379228 3.88060926349492
5895 7.58902649900437 4.59660499686257
5896 2.98752661364409 2.88826612072811
5897 8.50645988998678 4.88552735926227
5898 5.70285435137757 3.98304549784927
5899 8.40420357037833 4.83893800983162
5900 3.99533347339845 3.34381710843138
5901 7.06118282190194 4.4304980364438
5902 18.1097433851167 7.13627864785287
5903 8.60365574653366 4.92089099510325
5904 5.70993128387059 3.98508471597728
5905 8.78262233274288 4.96780524305388
5906 6.65743892839296 4.32337307518788
5907 9.62452913537895 5.18543883392074
5908 7.79804613998371 4.66235944263938
5909 7.12611755932681 4.45751074907037
5910 11.5650302024978 5.67774587447768
5911 10.3634083580059 5.37423987635741
5912 10.9210792004754 5.53601003368207
5913 6.98014078095538 4.40867041123442
5914 4.71143201922267 3.61646856932707
5915 7.62765176832473 4.60728321902442
5916 7.67378825952849 4.62499423618579
5917 5.97750750890885 4.10025546442021
5918 2.74296362968337 2.77345128627678
5919 19.2210007540572 7.37445702632725
5920 4.84529856030271 3.67745468804383
5921 8.8898289086865 4.9814203614144
5922 5.48507452942803 3.90359941996274
5923 11.2141010075317 5.59948801260552
5924 5.90748701995851 4.05987804321967
5925 15.4831759768207 6.59680852354959
5926 6.60907052547019 4.2899895074524
5927 10.4010947344909 5.39385684181007
5928 6.34954086710017 4.20391806116322
5929 2.75479506539605 2.77413883264992
5930 11.4731963439042 5.68775670125702
5931 8.8225052712427 4.97399972289393
5932 12.1035329343587 5.81042528829841
5933 8.44973481518483 4.84632261226725
5934 8.22465183957382 4.78228240150176
5935 7.03610734491379 4.42476759920302
5936 8.42416403022247 4.8520283095636
5937 9.08322829391592 5.03183768905814
5938 8.14737645136841 4.76476871327981
5939 9.49266875727531 5.16470983140644
5940 5.26741378163934 3.82441083911821
5941 10.254081302971 5.35595535448671
5942 6.85315517343229 4.36610828948406
5943 5.5635730955516 3.94841632093041
5944 3.99911827285815 3.33741844441667
5945 4.82710603099428 3.66375204466726
5946 5.25089638406323 3.82168567515677
5947 5.29542869221118 3.83942965305147
5948 6.30742813892751 4.18821551731208
5949 7.0562286358107 4.43753521552119
5950 11.1645368610589 5.59967917633623
5951 5.58255981793214 3.95160464201567
5952 8.14657794714608 4.80645577224078
5953 6.96116027134178 4.40351280004972
5954 5.42180193869856 3.87830453294246
5955 14.6235567095162 6.39533593120825
5956 4.9864218752823 3.73219452780789
5957 9.83402527440897 5.24539408142293
5958 5.59880280972155 3.94883566822068
5959 9.34454052692724 5.12298190369176
5960 9.54171902462897 5.15631755777948
5961 7.63591996123213 4.61432333262893
5962 3.33832228831303 3.04688321782898
5963 7.99007445780048 4.72402279876254
5964 6.93284477898766 4.39391032461905
5965 7.31790890500094 4.51347123139863
5966 5.14075137942874 3.78406020550617
5967 7.44919368075137 4.56545970536531
5968 10.5220053021975 5.4439125454054
5969 4.03687727260787 3.36139059043468
5970 18.5682449311744 7.27946396416931
5971 12.7851628135169 5.98319597892409
5972 6.03880655893785 4.10064447491573
5973 8.25936787343097 4.80262382581298
5974 6.29162615071933 4.18793093590313
5975 10.9500671298242 5.55840445936551
5976 12.4332889834176 5.89885107814639
5977 8.43642890433722 4.85039176905696
5978 8.52031839669923 4.89932494590736
5979 9.55169918204891 5.16218924515113
5980 6.14850463579099 4.14208914590727
5981 10.5967771081491 5.44585553601131
5982 6.49707647337225 4.25200892020574
5983 8.66611532860619 4.92184025071231
5984 7.39473313822628 4.53620810510626
5985 10.1179900603128 5.3159841774447
5986 12.3066193808025 5.87069508295924
5987 3.91603609541468 3.30234009517061
5988 6.47548318937302 4.24620898374171
5989 10.1330972232666 5.33317383627305
5990 11.6884441821236 5.72787906151183
5991 12.0046515624264 5.79286785172247
5992 7.75041058490598 4.64522617041426
5993 7.10234453119649 4.45043004819965
5994 5.37566959503849 3.87142222433971
5995 6.74786744396305 4.33690820886364
5996 9.68160850407025 5.20154485965918
5997 10.1648294003133 5.33736880173826
5998 8.906019846199 4.99122356569016
5999 13.0768414140353 6.08172029535452
6000 6.31120954747378 4.19149412882883
6001 10.2503729071805 5.36715459838504
6002 5.20301121072305 3.80456630228252
6003 9.51716769898872 5.16550042018344
6004 10.7177911812352 5.46997384007408
6005 12.0640926978187 5.80687903210571
6006 9.32724818919244 5.10638324374211
6007 6.78564609141066 4.40064372611322
6008 5.5134950230006 3.91392510235667
6009 9.29123682275398 5.09125899499662
6010 6.75874479442255 4.3744257733459
6011 6.33191501831184 4.19876950572651
6012 8.66862950161208 4.9352179737253
6013 6.96516659715542 4.41790366898006
6014 8.66085481608304 4.92287115957308
6015 10.1485312991796 5.32589809025787
6016 6.088749378185 4.11816796926416
6017 5.07084547785838 3.75700749470074
6018 7.11600705248464 4.47060211369
6019 8.25361855189919 4.80536614211434
6020 9.52083287518814 5.16751675374344
6021 6.71631662166795 4.33428805349735
6022 13.2668074716687 6.13728025551693
6023 7.27278519854172 4.50118344950855
6024 9.08550888603425 5.03924640808919
6025 10.2209115806741 5.35090878677114
6026 14.3222961188691 6.37050704794679
6027 13.4433461031054 6.13838642158798
6028 5.1501832035431 3.78286310586595
6029 10.8366911543467 5.51091266425207
6030 7.09576051739421 4.45769859317345
6031 8.96910763301023 5.01246062577667
6032 8.02101721967384 4.72661659082823
6033 8.91707010114457 5.00416764059713
6034 11.0210885266082 5.57516528703252
6035 6.79809691706943 4.34882265111935
6036 7.25291385592876 4.49423014779435
6037 8.92500329246259 5.01773883382305
6038 5.82813357143916 4.02693889789553
6039 7.9758316502248 4.71671289362759
6040 13.0500996796275 6.10318848658441
6041 8.06695683325857 4.74471549848091
6042 9.59031342487945 5.20600194611221
6043 4.65952666880175 3.60170709319175
6044 2.9082035900991 2.88532674680514
6045 8.52588986247802 4.88432380857558
6046 8.80601058286786 4.96103199724024
6047 5.53314186765612 3.92563184226878
6048 4.41338701609514 3.50091257404188
6049 9.43214801341662 5.13856728799155
6050 8.52106139155499 4.88328855017206
6051 10.8911821924859 5.51213158337362
6052 8.61103141975057 4.90370452977732
6053 11.1110095819114 5.58722540760975
6054 8.58925808054171 4.89289126275405
6055 2.14832545323689 2.46063684455364
6056 6.73488354629021 4.33574830136402
6057 10.0168304592146 5.39590869410441
6058 9.0222307742885 5.03905220268432
6059 4.85143062949462 3.67116140547851
6060 9.42160621082781 5.17164112228634
6061 11.8454942573879 5.76885654226863
6062 6.74562661194577 4.33138022400413
6063 10.6334167475155 5.460058567084
6064 10.8783727691415 5.50294852984192
6065 10.5661028450375 5.43317664073287
6066 10.209753515957 5.33729872218721
6067 6.01726291785584 4.08628742813865
6068 21.3243047966411 7.74318448399153
6069 11.3258358150102 5.62575670345407
6070 5.6869739391152 3.98865111643671
6071 14.8649180988386 6.44571313294241
6072 5.60715899569566 3.97918322611344
6073 12.1396476498319 5.8187488081228
6074 6.21097302499379 4.16616604022104
6075 5.79513339008473 4.01099865416169
6076 4.89403508053014 3.68574204823991
6077 6.5956411802448 4.28046345457308
6078 8.94896374591175 4.99836057230596
6079 6.64241853385068 4.29562031185978
6080 8.52659900956882 4.87859265407044
6081 13.3225358488292 6.11962750913201
6082 3.77695289769632 3.23972614663937
6083 5.32110025823782 3.84350231455279
6084 6.36507892845244 4.20676818783642
6085 9.74535485529441 5.22024791793393
6086 11.4358991327278 5.64426074583954
6087 6.67133006667881 4.3075416852725
6088 5.46846705172398 3.90654431081185
6089 10.4261768592428 5.40602743964647
6090 7.52088091122077 4.57969098832585
6091 4.72147281024116 3.62616558689483
6092 11.5196354418805 5.67968571109944
6093 9.73870603346684 5.20277821315929
6094 11.7026205655838 5.71073035298984
6095 9.67636786193677 5.18891311084461
6096 9.78638724847795 5.22457838447582
6097 4.99339037541791 3.72398109692335
6098 5.1316370923441 3.7752959227906
6099 10.1873122521607 5.3363061216866
6100 6.11589748425104 4.12157490174352
6101 6.40294175304935 4.22163726390319
6102 5.76685610386615 4.04701033280739
6103 11.7888779869303 5.77104023068594
6104 4.73637252335238 3.62515916951081
6105 10.0150093484589 5.28480164476571
6106 11.4666912457253 5.65486773490943
6107 9.37722311614186 5.12481532650576
6108 4.67395137216971 3.60108138772199
6109 2.73042694334906 2.75978685170721
6110 5.42044917984544 3.88852423420668
6111 8.2924930954223 4.82914939580562
6112 6.49667841693896 4.24964131843925
6113 8.01175869198248 4.71947625216418
6114 8.50413434080463 4.86420437047517
6115 9.95404318876168 5.27490028114394
6116 9.47690046678779 5.13893436351275
6117 4.83276836511846 3.66406172808082
6118 8.6718027093711 4.91227138211016
6119 14.4354197787557 6.35645864748854
6120 9.8434769748455 5.23936791560088
6121 4.91094331871545 3.69062764341919
6122 7.04503334137764 4.43742520028648
6123 9.62711487490796 5.17845797474568
6124 8.07272478733199 4.75006537843573
6125 11.8687682286117 5.75962940577662
6126 6.89675830250033 4.37783140606
6127 7.55720637219285 4.58079855167016
6128 6.56161656527741 4.26894708432
6129 9.28798262901264 5.08047814737498
6130 9.60900114378944 5.21868574241929
6131 6.88417267483571 4.37512470874441
6132 5.57099261405644 3.93249505340362
6133 4.41253307090905 3.50448037664226
6134 6.95329669087917 4.39450284123845
6135 6.40302252381794 4.24295597196736
6136 7.52431524186726 4.60228279363798
6137 11.907383868036 5.77135643888672
6138 15.4445895372436 6.58959494161055
6139 6.71993954561903 4.3225100849837
6140 6.750985436342 4.33122450161571
6141 18.5371686570473 7.21504980998288
6142 12.0914633517103 5.80343178338147
6143 5.99632326044817 4.10109220930065
6144 5.20465726544493 3.80332630304398
6145 8.72275428136174 4.92701086868416
6146 5.82387238030362 4.02009977363991
6147 5.28197013456344 3.83410953906496
6148 6.1768052649954 4.14309594740071
6149 6.1363008658934 4.12640323481909
6150 8.58813382367833 4.88677032924679
6151 7.00901696590422 4.41108651478651
6152 9.53282122500375 5.16995903118661
6153 8.68921732201571 4.91953033584131
6154 10.8575464382773 5.49692013098966
6155 5.64644298608902 3.97173505965101
6156 2.9585916650207 2.86590618550425
6157 9.99501777582986 5.27471934818069
6158 4.07246918542101 3.36115456699161
6159 8.47655837418213 4.85713426823748
6160 10.8464644942058 5.49858335955002
6161 9.37166794885986 5.12210006658376
6162 5.06379346726477 3.75384459851654
6163 6.4898145710654 4.24425300064858
6164 7.91831583049495 4.72004798523088
6165 7.44736423549502 4.55257541979226
6166 8.30763352405189 4.81013387478145
6167 4.82858121835388 3.66083538583675
6168 6.42329151023952 4.22736965553019
6169 6.2916785237522 4.1821191209248
6170 4.87872638510761 3.69403528797477
6171 8.63095155047673 4.89915212848238
6172 4.83542458752204 3.66514068408195
6173 6.22281863079331 4.15570916386704
6174 12.887159719327 6.00291632925972
6175 4.63644136411478 3.5899386291651
6176 15.7940977375574 6.66449831894774
6177 6.73430492837246 4.32508435916714
6178 7.22308908986558 4.48205904312132
6179 7.32729858761424 4.5957688540029
6180 6.01155015538779 4.08372466419897
6181 9.09185278370802 5.03900920400925
6182 5.23580291696435 3.8111208527138
6183 7.3104390447125 4.51245439229227
6184 10.1427391567822 5.33387489708295
6185 7.47044093315032 4.6055235001686
6186 12.5490993559693 5.95401894086389
6187 4.94327984359767 3.71653785509667
6188 12.1295672682112 5.82057645668243
6189 9.66688184392164 5.1968476231896
6190 4.72660939857199 3.6270282349752
6191 8.06474196844484 4.73571792372104
6192 6.51733293620283 4.25490876297377
6193 5.37005734487038 3.86013109728427
6194 9.41746036042606 5.13849256177671
6195 6.72049668852174 4.31993296012605
6196 8.58963562600792 4.89349801560903
6197 5.45170643456089 3.88911188183413
6198 10.9955843868707 5.53515705024123
6199 24.8707196230815 8.59878060487456
6200 7.74285800923561 4.63526009074588
6201 5.14703324914532 3.78553303482092
6202 8.85067652404388 4.98007988658807
6203 8.04549922087251 4.7333789531289
6204 9.58005854777745 5.16310177309276
6205 6.73738142195081 4.330526044316
6206 12.2782615173431 5.87505187052274
6207 7.70827092170598 4.63121474602989
6208 5.94566408097495 4.06157385152149
6209 11.6416742308717 5.6902999329862
6210 11.0790744200906 5.58131726831758
6211 9.6917629263673 5.20744029845735
6212 9.20595974291257 5.06931329767785
6213 5.52801540816395 3.9233306894164
6214 8.89055246886512 4.97691028448316
6215 5.04000676206682 3.74838039947598
6216 6.93219569590424 4.38656343654577
6217 5.89394969003305 4.04822937337757
6218 12.0077984445909 5.80495535577697
6219 15.5717431395196 6.60723948597957
6220 15.5150824938879 6.57580867963949
6221 4.35382237842723 3.50280224411485
6222 6.41828899822607 4.22352064744032
6223 7.39264329304241 4.53237997972979
6224 5.16416471932033 3.78584755792942
6225 5.45264848659645 3.89214464205388
6226 7.58903598004065 4.59355927379583
6227 12.3100889473247 5.86470842651196
6228 6.76701189124333 4.33447934501534
6229 5.13515517771477 3.77578628980899
6230 21.187679532029 7.74071897482184
6231 8.80783492633725 4.95034768302894
6232 7.21643450661448 4.47682422411759
6233 7.08971218443011 4.43515475387522
6234 7.70564408948201 4.62976496027641
6235 7.10665288680665 4.46533643078234
6236 10.0390465722336 5.30466671836069
6237 6.46003064064712 4.24259028956096
6238 5.54460935125998 3.93482437815677
6239 8.79019707876593 4.95949539326078
6240 6.8144618561253 4.35314921038083
6241 8.62709430169252 4.95040054949469
6242 6.93303442463037 4.3899649655845
6243 6.30478679611298 4.18615157423994
6244 4.18329476148142 3.41352000458527
6245 6.82951536577162 4.35819526546621
6246 7.02589050678611 4.41972566787581
6247 8.6215754640047 4.89510140995876
6248 8.8786932997474 4.97521795272925
6249 10.0715197274827 5.29295967601931
6250 6.48563714288181 4.24612129354158
6251 9.70118096664241 5.19575925555896
6252 6.6927391721366 4.38202115819811
6253 6.58496084110871 4.28268319985082
6254 6.49131068444989 4.24698497757779
6255 7.1933399313147 4.47689584381472
6256 11.2603753931711 5.59826010146845
6257 12.788530343799 5.99640461948058
6258 5.71368184233238 4.00577118223896
6259 9.36475807397824 5.10123728155581
6260 7.35984046426928 4.52171316493731
6261 11.1678371609519 5.59413055978271
6262 8.24348087766319 4.78597601502484
6263 10.2964503929703 5.36737875178029
6264 12.7162884646285 6.00168679090869
6265 13.88401333482 6.23558750384704
6266 9.64148887459191 5.19879377423681
6267 8.38267121766745 4.83902565935818
6268 7.88222492781854 4.68787775073133
6269 9.65032462715229 5.19070840563221
6270 7.77060845740879 4.65819019172945
6271 15.9669623467983 6.67875642676064
6272 5.64375989506576 3.95798706888717
6273 4.6718527685032 3.59970185417803
6274 9.88701860275497 5.24663025659805
6275 8.97920438212771 5.01278228421134
6276 10.6619493461733 5.46020739670649
6277 8.25660562568004 4.79531495348921
6278 8.07975647504433 4.74311847381116
6279 12.2008042767927 5.98180022210528
6280 9.82148786895142 5.22698027371356
6281 13.690103639844 6.22390733427938
6282 6.14835693768623 4.13144199897095
6283 6.54428864422985 4.26376540835676
6284 6.94788198903995 4.39230459028012
6285 6.56940368885548 4.27226917257889
6286 10.0428653156219 5.3124949554826
6287 8.05168692949663 4.73191094689035
6288 6.45412601748699 4.24172088717453
6289 9.74540222662416 5.20676214174023
6290 6.3562884877457 4.20537322919628
6291 4.72066039867923 3.63087146178814
6292 3.87529767309508 3.27834283309762
6293 5.91661554664086 4.05467347157297
6294 5.29200739547759 3.83632947421724
6295 6.96123075039236 4.40687314569474
6296 8.79411236749752 4.9455963859301
6297 7.73286288448437 4.63567517193324
6298 13.418718987592 6.14894628659074
6299 3.86443710028109 3.27580540866894
6300 5.11783537433424 3.76816885712648
6301 4.19990901539484 3.41502032033726
6302 3.74004153321404 3.21911255234212
6303 7.51718151140216 4.58542513841209
6304 6.40783266575799 4.23263818278647
6305 3.32881038398956 3.03925141419289
6306 3.28115967728067 3.03073615866574
6307 7.0536411626707 4.42729754118793
6308 6.57167391186794 4.27346522549715
6309 2.97391278576662 2.87114432380611
6310 5.9399050497574 4.06001802215409
6311 5.95220058647217 4.07048928981076
6312 4.57639493623719 3.56323951754107
6313 9.66846676460056 5.1958489268845
6314 5.51178859878504 3.9170622802808
6315 12.8684859734216 6.00256082353793
6316 7.904637283404 4.69009310542683
6317 2.25856459599526 2.50690103069444
6318 5.01455583822222 3.73176250767617
6319 4.93832193399249 3.70789752243454
6320 8.44427532865942 4.84725013639007
6321 8.66403488502674 4.91295233845757
6322 6.39513514145638 4.21217289895954
6323 5.35005753380096 3.85406038532915
6324 3.45360860378127 3.10463066420317
6325 2.9714866820986 2.8720082128857
6326 3.83614776643282 3.26332856941008
6327 6.07398945468782 4.1101521957235
6328 3.78792176976749 3.24050140006581
6329 13.0718561834333 6.06593658227233
6330 3.44372057724286 3.09410343588924
6331 5.21636362964435 3.81502128596516
6332 8.13596010183453 4.7592436425615
6333 9.20734032703057 5.06528585804251
6334 5.72152237496813 3.98598722412881
6335 5.36816500126314 3.86032729421326
6336 7.49936298349243 4.56427903116833
6337 4.24999021133536 3.43309726381511
6338 4.09943926519547 3.37227828419326
6339 3.58594271311219 3.15620257581128
6340 4.81936322952672 3.65575940089676
6341 7.43915894455106 4.55009045398923
6342 3.78032989361524 3.23743549955062
6343 6.76636834465593 4.3404013142486
6344 5.99714489974805 4.10002967851814
6345 10.9835375878729 5.60388296302968
6346 9.56872290991955 5.17467107438758
6347 6.82541079704442 4.36873622784577
6348 4.87874479990997 3.69529622633564
6349 4.69140713199099 3.60720132240421
6350 4.50466889064696 3.53766900075427
6351 3.6236056672271 3.16961360499141
6352 3.40565796693036 3.07352637123136
6353 5.19934773381178 3.79901803318032
6354 4.40561962389819 3.49547776532475
6355 5.15869975641797 3.78775435665323
6356 4.25606830611562 3.43569339752961
6357 9.35084484653152 5.12003460374683
6358 4.37366883339799 3.48528344236664
6359 4.03117270501955 3.34749188020996
6360 5.2867324531068 3.82922959753072
6361 9.39588379312032 5.11476969617888
6362 5.21909991457168 3.80580647771253
6363 5.40563903319567 3.87485171446044
6364 4.09223642325718 3.36820852557744
6365 4.37833687517071 3.48383934171545
6366 9.21032624746486 5.07600499823407
6367 8.14599303176794 4.7614620206789
6368 13.290488062888 6.09075720272414
6369 15.651949914126 6.6385123363051
6370 17.2639421038743 7.01680759495902
6371 4.12311884613488 3.39183411336348
6372 4.78844439745552 3.64511401831655
6373 10.7742105005697 5.4951146142066
6374 5.18777201866505 3.79304678078473
6375 5.95956247133132 4.07996665472963
6376 4.55655931584264 3.55485106693351
6377 3.0703238164882 2.91854884071286
6378 5.14447553190856 3.77900971655028
6379 6.21706574104188 4.1545037131793
6380 10.3657884145293 5.38803036533665
6381 5.13668621383457 3.77391774517468
6382 4.39307565119149 3.49421585635644
6383 3.90416089238759 3.30005837782573
6384 5.48242671194559 3.90345898416295
6385 4.50861846824567 3.53684730127085
6386 8.91111853740373 4.98192901008119
6387 4.69234926572207 3.61050782917375
6388 8.75391364527699 4.94162666349508
6389 6.03993641109154 4.09702328731893
6390 4.73061286687068 3.62268645333166
6391 7.94673797956049 4.71367728445365
6392 5.01087947652811 3.72899698383838
6393 8.54826401912049 4.89689437999238
6394 6.31206958826163 4.18553977253233
6395 7.45932922345031 4.55542273737874
6396 6.19268583715238 4.1502212984613
6397 5.36254115583768 3.8572450363374
6398 6.07734720844557 4.11857965159015
6399 8.33273798363392 4.80968736383216
6400 8.90863518329241 4.97918270184687
6401 10.4896730493724 5.40696856181219
6402 5.39437887986282 3.86921931796901
6403 6.4401477973102 4.22957384945257
6404 9.44974861477085 5.16491937436384
6405 13.5004024464421 6.17665637522386
6406 6.77556390595531 4.3419366455072
6407 5.68636894207129 3.97648933532258
6408 5.68017662532623 3.97807278949455
6409 5.05044900090178 3.74359622361671
6410 7.14069560245886 4.45578670611046
6411 9.69710094243106 5.20828128324338
6412 7.26861735175198 4.49795037308781
6413 8.89191138133568 4.97523858185423
6414 9.62169313889338 5.19741107364703
6415 2.21605955621052 2.47890096943881
6416 5.73205703630032 3.98911505723024
6417 5.9256727950647 4.05743013700514
6418 6.10488000542521 4.12346038525393
6419 4.67150140506412 3.60021637744926
6420 5.57869977435465 3.9347106038766
6421 15.1154393234201 6.60918355419884
6422 3.94689135366093 3.30949749827418
6423 3.49854142036605 3.11602761286867
6424 9.28237628355163 5.09171098020611
6425 3.48123676511741 3.10824479025744
6426 7.12516963231655 4.46785781583894
6427 7.5973006784938 4.59472256927661
6428 6.90857525511122 4.39239553404209
6429 11.6178705309238 5.7186467478518
6430 5.42830695710587 3.88483022357669
6431 10.8875676919065 5.52436102370243
6432 7.92042785748331 4.71551208951697
6433 6.14441804051602 4.13874391248054
6434 5.11731985474414 3.77020008351131
6435 7.72644173210425 4.63307497960826
6436 5.23852986252031 3.81942964226695
6437 5.44495612327226 3.88803373624389
6438 5.35455999001512 3.85655127546359
6439 4.79117001403929 3.64996859251671
6440 4.33680757443563 3.4757733997421
6441 5.68582592804157 3.98087172878541
6442 7.08367161527792 4.4693287079099
6443 4.17224484845065 3.40158917479229
6444 20.5485926380151 7.61156428477794
6445 7.74870939656312 4.64693522867161
6446 2.33228124714183 2.55455565116957
6447 5.15771519611223 3.78247765457969
6448 10.9630254008624 5.53184679528386
6449 3.88799777241805 3.28672652723168
6450 3.29381791056073 3.02378115552032
6451 6.50105394008839 4.28684315536368
6452 4.03435300523069 3.34637817606331
6453 5.97776992565626 4.07501018896229
6454 8.54238872255193 4.87635607872396
6455 10.9467578891021 5.54650780213324
6456 9.17714822268574 5.05300018186545
6457 9.02267823037949 5.03182118029746
6458 5.73741637161302 3.99005125321518
6459 6.40238498291443 4.22412185026414
6460 3.66105735965914 3.18680496917481
6461 6.14903100453555 4.13552968918703
6462 5.07840207304575 3.76433122929569
6463 3.9897446139833 3.32670403972886
6464 5.28492014584911 3.83097806434051
6465 4.8533041360791 3.6730163852111
6466 5.2849883101075 3.83147672265963
6467 4.84083742970109 3.66604755271152
6468 6.21183545670532 4.15370751200202
6469 5.54705823008706 3.92598457606261
6470 7.34282137822167 4.5216159458549
6471 4.64245457798948 3.59424427364208
6472 4.4972688087181 3.53294584396022
6473 6.88346724350139 4.37450170931208
6474 3.06737677069199 2.9169183841381
6475 5.30497373996385 3.83798306790708
6476 5.11201419284008 3.76834697416096
6477 6.28725011468519 4.18489404381043
6478 9.46058179371544 5.13525389737118
6479 5.69122503269824 3.97616055920906
6480 6.71486431276993 4.31587463721231
6481 5.09419711325233 3.76146465213921
6482 5.59034959568556 3.94410273962332
6483 5.8321337164867 4.02349073386955
6484 8.56363796055627 4.87997624959772
6485 5.55543315023186 3.92765038928164
6486 16.3169248640823 6.79288080850545
6487 4.55656501001876 3.5553324651529
6488 6.59239792175678 4.30093528066174
6489 5.16491854141177 3.79708176842735
6490 13.0804802136938 6.05316494258381
6491 4.70850154101771 3.61448177648532
6492 5.49963260425109 3.9219056159222
6493 4.04677275811785 3.35089668347065
6494 10.5369345294273 5.43028042907177
6495 8.02712692208702 4.7312065650577
6496 11.4490753152243 5.65317121778215
6497 5.19247864237101 3.79875533888587
6498 4.84390765823645 3.66654688100777
6499 5.95684292471406 4.06679837007114
6500 4.3338574619318 3.47768799994472
6501 2.71417565485015 2.74383230460137
6502 3.21989965481131 2.99191418851106
6503 5.47367929688228 3.90395749963648
6504 11.379253904162 5.64204023668685
6505 4.20016703621788 3.42427254522697
6506 5.61545758636783 3.95113186866792
6507 11.4175370598518 5.70268607732447
6508 3.54820926089798 3.13687361295248
6509 6.26576226345471 4.20498778606028
6510 4.45567243983058 3.51504815234591
6511 3.40794233898916 3.07660748920691
6512 7.40945153310954 4.5395297030287
6513 7.94840126929115 4.70569052955933
6514 5.79233061650352 4.01095411078328
6515 6.37538869708502 4.21454280752473
6516 12.9071273384037 6.10191680633174
6517 6.60208810589727 4.28021963951543
6518 4.16922139146654 3.39988987099327
6519 4.75057705402923 3.63024058871018
6520 9.8285586963887 5.23615925996676
6521 10.0200313193111 5.28057843212216
6522 10.0879526855884 5.30411850805365
6523 6.53046571108251 4.26162428507366
6524 4.1719340786072 3.40407659495183
6525 7.5547998280174 4.60674852782222
6526 6.51562871047016 4.25951492783606
6527 7.45405223105135 4.5493982036356
6528 7.54073584212229 4.57849602389524
6529 5.20829464968233 3.80355079679388
6530 6.0449342770087 4.12429233729522
6531 4.47801556349784 3.52469057470703
6532 4.17457392314158 3.40262270527388
6533 7.65919313334249 4.61702732158088
6534 7.71535439683795 4.63703833210578
6535 4.5053938174491 3.53621780958469
6536 9.77673668410043 5.22366770827121
6537 8.46426141101424 4.85584305676906
6538 6.99644721818454 4.42055910146354
6539 5.75794755472537 4.00450470982385
6540 6.63978167451014 4.29583576465938
6541 7.06871864920564 4.43842957896283
6542 5.42879698284978 3.88421422125778
6543 6.74385280245567 4.32812373226669
6544 6.19669805791331 4.14504027776329
6545 6.78963473920932 4.35066858109577
6546 4.69978209247146 3.6105056308162
6547 7.57141838376137 4.59206874436293
6548 3.17962289314152 2.97064918616952
6549 3.38476623069963 3.06705480704617
6550 7.73445405916022 4.64396742703946
6551 8.76392467109683 4.93522332970429
6552 8.35705148519664 4.82503476158094
6553 5.33752142860851 3.84938968619597
6554 7.70921718407017 4.63708564458037
6555 5.38538998406809 3.87227917890751
6556 5.56474974058161 3.93414286868645
6557 4.05638096690698 3.35468411553221
6558 4.88908804885529 3.68292059682454
6559 4.34209550423055 3.47030678335874
6560 4.23083839006203 3.42613536168901
6561 5.77142492769627 4.00437692749096
6562 4.5267994674328 3.5470210266205
6563 13.4332905559821 6.1496417201136
6564 4.02501321646752 3.34495813905316
6565 9.75519805017417 5.20947984109678
6566 7.06274085784594 4.43051803118452
6567 3.31901348245046 3.03654815699924
6568 2.38927003439593 2.57345384982099
6569 5.44134513985117 3.89974212941168
6570 3.14764554913783 2.95444019152061
6571 3.21655418323282 2.99794281893021
6572 2.93304042944559 2.85251820155183
6573 3.26929365597176 3.0107595501945
6574 3.80553772436949 3.25276182813587
6575 6.53932356541123 4.26843502400905
6576 0.942352217115648 1.61932514269737
6577 10.4765128733217 5.46116409688286
6578 3.2596092030027 3.00674880130081
6579 4.09163547744877 3.3706271823044
6580 2.44562618608638 2.60484159704573
6581 4.52975679482 3.54942616326018
6582 2.83885519429019 2.80749443883958
6583 1.74404074117174 2.19885648499436
6584 3.95158665391708 3.3113138002035
6585 2.18868821833232 2.4634854785906
6586 3.5460901628083 3.14091525976126
6587 3.50938422083912 3.12454462327435
6588 4.93885295474979 3.70451117548278
6589 3.41554233023129 3.08057893599307
6590 2.34242387533245 2.54838232111406
6591 1.40813778378638 1.97879028257922
6592 1.77925808376909 2.22422933416627
6593 2.47065436857381 2.61704473534547
6594 4.33926870637387 3.47090221449345
6595 5.8826941804728 4.0454459507652
6596 2.87723963202918 2.82990123144083
6597 2.58604535323872 2.67717878405353
6598 3.15247434239919 2.95804709666976
6599 2.05292795616585 2.38712644075802
6600 3.3595824490085 3.054694658526
6601 5.46366082924271 3.90317134696399
6602 3.39726899555864 3.0691890448109
6603 6.64604240167521 4.307202618291
6604 3.15153789614936 2.95794765142723
6605 4.7288310787042 3.62514936015649
6606 6.02702833424639 4.09717305897186
6607 3.4943897688916 3.11456321574731
6608 1.79894704729468 2.23286396800385
6609 5.06637235773252 3.75402704442165
6610 2.99053128128131 2.88486273576281
6611 2.66382920597703 2.71907249631203
6612 6.06325912841924 4.11411405193267
6613 3.4371069322896 3.08863911553388
6614 3.04901214599354 2.90889337281106
6615 2.62449141895994 2.70473406106528
6616 1.96555063920192 2.33506875797389
6617 3.01539578023197 2.89152682077271
6618 6.41994966164521 4.23960700710148
6619 3.87099520975233 3.28071744772594
6620 5.86244463983259 4.04194561026697
6621 2.71457215929783 2.74616460486171
6622 8.21389807739526 4.79262756523441
6623 2.52397531160791 2.64512906174854
6624 2.73860272669233 2.75558210938826
6625 2.76268929998049 2.76855262528935
6626 4.06667254680216 3.36067426837416
6627 4.62431992672161 3.58268387311322
6628 7.41241315122037 4.55418030068119
6629 3.45917515642523 3.10006576842453
6630 4.76284677818568 3.6375080277052
6631 2.4545079812447 2.61053793198093
6632 1.37013388637333 1.94869521893157
6633 2.70006892107964 2.73751208637793
6634 5.35012212758309 3.88980495872827
6635 5.06074328433171 3.75433999975916
6636 2.97963291158887 2.87464064364224
6637 3.67630507548732 3.19663809499337
6638 5.15116707428232 3.78543900330713
6639 3.76679483008226 3.23435606591858
6640 2.64569091370067 2.70928972907682
6641 2.65863634138046 2.7146846864833
6642 4.38149254651937 3.49433005368998
6643 3.67769111203107 3.20489949258134
6644 5.76977279035647 4.01613798388693
6645 3.56055316700039 3.14552263851323
6646 3.59254679866521 3.15635993442507
6647 2.81162306812094 2.79273174987425
6648 6.92169854651498 4.39120269306297
6649 3.28689400864541 3.0201735413578
6650 3.14715606714304 2.95667271396103
6651 3.35494772714507 3.05175661179835
6652 2.92374305504145 2.84723584244065
6653 6.5100448594259 4.26466872316786
6654 4.40351843900602 3.49681694828635
6655 3.00394310704355 2.88605966998126
6656 2.57666764911756 2.67298023270066
6657 3.74700345610007 3.23928253156562
6658 2.02404707384847 2.36850047687956
6659 3.97634183874073 3.33038482138052
6660 2.58822170194116 2.68020227268732
6661 2.12927345417137 2.43194252730394
6662 3.77457742694487 3.23705176452347
6663 3.45174771866562 3.10109332772458
6664 2.73069658101345 2.7510356291406
6665 2.44983097836891 2.61000117680409
6666 2.83183182101727 2.80281217848359
6667 5.1675389843498 3.79076558600027
6668 1.43476303057935 1.99547278551748
6669 8.35547854752139 4.91171023600459
6670 5.40613029875895 3.87846973337078
6671 3.6037734991458 3.16375659321951
6672 5.39547960159074 3.87629807722128
6673 7.52763549014111 4.59249757586876
6674 3.18629637383204 2.97334763175467
6675 4.1173029932737 3.38496456134517
6676 2.54258588589743 2.65501277156334
6677 4.20399557250362 3.42257075009334
6678 6.02593397975264 4.09260895532268
6679 4.90944286460839 3.70027827529894
6680 6.72234065327368 4.32830004603467
6681 2.41155457266865 2.59128036767008
6682 4.21046342570997 3.41925287582506
6683 6.8514484678976 4.3675907242713
6684 2.62999905726787 2.70120560946883
6685 2.50096237532419 2.63496946929131
6686 3.41332495035393 3.07683296113408
6687 4.14431889509744 3.39267362941429
6688 10.0085022873656 5.29066117093473
6689 5.42521364382659 3.88728965220428
6690 3.71143862975966 3.21033502555105
6691 3.40280685251564 3.07346119439006
6692 4.23924474290393 3.43800699663358
6693 2.83559078867465 2.8039500517663
6694 1.59738364632769 2.10477872861344
6695 4.92492239756535 3.6986999459445
6696 2.81055124379358 2.79193161521629
6697 2.61962492092955 2.69555403620148
6698 1.86621636614151 2.27493127133561
6699 3.18579501159619 2.972080504691
6700 3.58126049033426 3.15544679961056
6701 3.19379605628321 2.97942140008717
6702 3.9262522121894 3.30267960139722
6703 3.36372202892359 3.05492388704855
6704 4.06232897292464 3.35980969453193
6705 5.22896067977937 3.81605097045865
6706 5.02792518155297 3.73873505127794
6707 2.8441592797638 2.80843810853986
6708 3.72159390109987 3.21772600368764
6709 4.00401732677002 3.3338053565173
6710 4.84680939696917 3.67159635826673
6711 3.10066619695661 2.93381451135918
6712 3.20408978785321 2.9823559176019
6713 4.11189934469014 3.37968511303778
6714 3.4890129186893 3.1143098857064
6715 2.74798767542387 2.76072400695752
6716 4.20925751143203 3.41979646173847
6717 2.84875702011362 2.81098740952023
6718 5.62210338280213 3.95560822161155
6719 5.99560920541615 4.08348599010659
6720 8.10303790361417 4.75729295913618
6721 4.13320469332231 3.38830184692237
6722 2.36203264512574 2.55984885469103
6723 5.14590657193642 3.78153211060941
6724 4.22944155779666 3.42695809341833
6725 3.88662139183377 3.28407543327467
6726 7.8645526934535 4.68575747721764
6727 3.3650096540877 3.05624381913796
6728 2.56816161162794 2.66952119483273
6729 3.96129658642904 3.31830383926645
6730 3.6616099168086 3.18700722229747
6731 4.41525199921903 3.50412044792997
6732 3.72269900138992 3.21714325140127
6733 4.95373362357867 3.71000359174055
6734 5.43230962490162 3.88820007362557
6735 5.54576704079495 3.92543298967522
6736 11.371855559552 5.77931042774445
6737 5.64642301938652 3.96277834806134
6738 2.7006751475396 2.7383090849333
6739 6.76646829431351 4.34410578348457
6740 1.970540606579 2.33802774742596
6741 4.16445375705169 3.40432308030094
6742 3.3505180321305 3.04964065997969
6743 5.72917439755272 3.9906508863748
6744 8.26617293858944 4.80053655901709
6745 7.03139650774037 4.44007028387296
6746 3.07306568199531 2.92051963731853
6747 4.28978557147401 3.45355855375775
6748 17.5228618403792 7.0585250889952
6749 4.75265054695426 3.64434574774559
6750 2.75883389354293 2.76729701517118
6751 4.7137087080087 3.62138597803881
6752 9.07772414780794 5.03680589836834
6753 8.3812311851208 4.8395460575966
6754 9.8837705690522 5.25978306049433
6755 5.1187591778965 3.7721418342261
6756 6.52098213461418 4.26330038968726
6757 5.65959259096019 3.97576989417143
6758 4.70709712553021 3.63167903540544
6759 6.19447087660156 4.15175242401646
6760 13.6571430703878 6.19737694160214
6761 3.98137558086022 3.3261395309476
6762 3.69744769303401 3.21078643864619
6763 6.42259181516988 4.23925347236912
6764 4.50596738057005 3.54172497215556
6765 8.81533484497034 4.95987205940558
6766 2.81772511993077 2.79791872697482
6767 8.08423833116293 4.75205897572345
6768 4.85644776381603 3.70000803740118
6769 3.77815917321055 3.23786428069928
6770 6.35405517889598 4.20757485155597
6771 6.67175134439019 4.30822705924574
6772 2.86531567003516 2.82297348600341
6773 4.16329956667969 3.40477387158377
6774 12.6179388607937 5.95774785732856
6775 5.76711179535488 4.0063639730586
6776 5.05731285234152 3.77090356538209
6777 13.5142543807466 6.15138923659841
6778 6.07245121629619 4.10890234031436
6779 7.22181195453216 4.48649614771104
6780 6.95357847455943 4.40356931638192
6781 5.30850324501799 3.83892502831756
6782 5.24083494159918 3.81689857111021
6783 8.90808042546984 4.98152522449766
6784 5.42298426217171 3.88376356430055
6785 9.0988319560232 5.03889671983891
6786 3.77565846691369 3.23851577850779
6787 6.52910402399934 4.27364680874994
6788 9.55709570320369 5.17583350086279
6789 6.00488512167079 4.08595120675974
6790 4.91906136986924 3.70051656694001
6791 3.62934279943968 3.17613542052041
6792 5.82677184043336 4.02966971263452
6793 6.59226478707895 4.28269589369274
6794 8.94090090095021 4.9894426881061
6795 4.29774314517588 3.4538293126261
6796 4.41288896117586 3.50470618407689
6797 5.15753256092446 3.78706863974141
6798 7.77230366355124 4.65513253144858
6799 9.00375372117011 5.02937390680391
6800 5.21383817425846 3.80995620642848
6801 5.83222368554681 4.02808533330877
6802 4.70586273273766 3.62421524147797
6803 2.59297874872406 2.69563656389545
6804 5.37053325483027 3.86566998599301
6805 3.0708656448158 2.92158346472186
6806 6.74616022534393 4.36855149381503
6807 9.56656648834738 5.17605795919086
6808 5.42229720678475 3.88852723977274
6809 5.88687028741595 4.04576649010242
6810 3.4942897927219 3.11601460705023
6811 8.34505966122898 4.90562818192681
6812 7.49456157010835 4.56654075678305
6813 8.39172865440523 4.84986278434293
6814 4.78114659659688 3.64788959339679
6815 9.15161551012755 5.06676643902912
6816 4.09135439176888 3.37246205539872
6817 14.9732637574551 6.58801051865575
6818 5.77176709525452 4.0138822466089
6819 6.50963390556215 4.26212499893569
6820 5.9146298253485 4.05696137334614
6821 7.08296713240746 4.4431883029887
6822 3.59919483838885 3.16688318000891
6823 13.1099425839521 6.17489773545576
6824 6.67013381350553 4.30970565815598
6825 2.73366910567873 2.75878743416307
6826 5.65107608419892 3.97400913571152
6827 3.82445725887308 3.26011139989648
6828 4.0617787981185 3.38001454408384
6829 6.8057167674848 4.36120404558406
6830 3.90619447481255 3.29724209453213
6831 3.79517153437993 3.25076536724538
6832 5.45822131658467 3.89393770070772
6833 6.50167730816797 4.26031748965456
6834 6.43790078079989 4.24331873730692
6835 4.46499493237142 3.5276580135028
6836 4.00898221835325 3.33768139158387
6837 4.77691979991185 3.64938097811884
6838 4.21477315101179 3.42327745437891
6839 5.3267759535703 3.85289050427575
6840 7.4822598868648 4.56823302822882
6841 5.81580325581008 4.02256257874322
6842 4.97075960141823 3.71498833279904
6843 2.78639424346176 2.78207917762485
6844 5.95250836606428 4.07060800467585
6845 9.94770130828157 5.27064845837331
6846 8.00435628731527 4.72656773519791
6847 12.1690504046454 5.86077983226507
6848 4.48679066613973 3.52833486268549
6849 9.77998212954659 5.22824451136621
6850 6.41097081955171 4.22070457476681
6851 5.58275503698965 3.93891986372389
6852 7.6762038255821 4.62578677550894
6853 5.33502496560218 3.85107548596991
6854 6.961125599932 4.39950719940323
6855 8.39956954548947 4.84368813295067
6856 7.16930064643251 4.46413492761452
6857 6.86043439660024 4.3678222920556
6858 4.83071510651864 3.66155835404084
6859 7.48355638457583 4.56138072508911
6860 4.96709520407061 3.71182874691924
6861 7.42468084166993 4.54155832222282
6862 7.92004493230124 4.69244004376476
6863 7.61599660545501 4.60641573752819
6864 6.99098607649003 4.41414763737373
6865 9.10450731636666 5.03916698818407
6866 8.22852522590964 4.78943308926566
6867 19.4070772696195 7.47216981023182
6868 9.51237646491051 5.15696000389985
6869 18.7860055127257 7.30273276454271
6870 7.55835848272879 4.59058254064755
6871 9.55983441702073 5.17569599826637
6872 14.0493944524342 6.28987901047753
6873 8.17139316031732 4.79033497990442
6874 5.15270697323009 3.78436245844228
6875 11.4724861848196 5.64864455735755
6876 22.0718570168374 7.9339519458711
6877 6.48638857042595 4.25061956717837
6878 4.31107428434948 3.458505988837
6879 5.10222739640845 3.7645564399913
6880 5.70022760290989 3.9841426541499
6881 5.42168691207981 3.87806371661612
6882 6.5130954074004 4.25550791548695
6883 4.26815268871068 3.44160927249013
6884 6.20598344714727 4.17614874674803
6885 13.3856571892493 6.11794028541547
6886 8.92173629118433 4.98238838047073
6887 4.33686052595282 3.47273112439491
6888 6.57438153404444 4.27791422842217
6889 9.86896854652317 5.26559232673602
6890 4.99391064891988 3.72225940389973
6891 9.50427654537986 5.14677424662383
6892 10.9215560295785 5.51494452460659
6893 12.0749393088063 5.80434170950701
6894 6.26658206862234 4.17345820035696
6895 6.91767682960093 4.39383728509061
6896 16.4225280057222 6.83998895444616
6897 8.00127157503403 4.71587419439577
6898 8.72355366607963 4.93497274714146
6899 5.82518656161519 4.0255969031002
6900 7.61961296669982 4.60100073911854
6901 5.56797603422279 3.93246715594083
6902 9.21345133744819 5.06743771400413
6903 6.78049207010146 4.33900710143923
6904 17.9910666669116 7.11541534082808
6905 11.3318376722304 5.62761866741981
6906 11.5222616965349 5.71139941728964
6907 7.11716363019134 4.44967846950009
6908 12.1009732808784 5.82597796624206
6909 9.67582698863775 5.20343914111614
6910 9.32218494132488 5.09256701205809
6911 6.4530961536031 4.23737769127783
6912 2.46118367736761 2.61971686792025
6913 4.91279363618578 3.70065458310369
6914 5.81286903707132 4.01741320938874
6915 8.73736906413953 4.9334421418272
6916 3.24589097443621 3.00112574857582
6917 8.5210928128568 4.87316855728777
6918 4.99201323339877 3.72364771603618
6919 15.8183589677158 6.70331699604753
6920 8.57292303968452 4.88861582265549
6921 8.48922807984352 4.86473937307239
6922 7.85685062317444 4.68671759604269
6923 9.2593139283142 5.0756692543669
6924 4.27286903575594 3.44217881061585
6925 5.34739804412814 3.85285640416506
6926 4.98275534032532 3.72344931247357
6927 7.03642827150537 4.42761384938387
6928 8.07093538981014 4.74170898497577
6929 7.06343675320775 4.42944009792705
6930 12.0716972658067 5.8372408683871
6931 7.56822931724201 4.59598974507563
6932 3.19226401715282 2.97715744622459
6933 13.3631773028774 6.13006322652576
6934 8.125631392903 4.75366621147451
6935 6.90217077816122 4.38002407332337
6936 7.29753577863124 4.50578862848285
6937 7.04357807999773 4.42506918759001
6938 7.65609915112498 4.61636909811919
6939 7.12854224903344 4.45530640621798
6940 16.5634867597878 6.83437826822001
6941 6.22769114213675 4.16466602517925
6942 6.82635944576026 4.4128974792139
6943 7.62876317173796 4.60443311115942
6944 6.32711861820544 4.20163020235814
6945 10.6762977140525 5.50805772781526
6946 4.61346235530809 3.57775341391851
6947 9.96476261003404 5.28285254181427
6948 5.56777745486759 3.93224738350897
6949 7.35113191636109 4.52339061031419
6950 11.064877119993 5.56043347401409
6951 7.32353523309847 4.5114250495518
6952 6.70637098233003 4.32453519096404
6953 4.73440052627671 3.62554032700615
6954 8.90371808289042 5.01738087582679
6955 8.36008472314468 4.84844598734575
6956 6.42208055955706 4.22545466600985
6957 1.41758589519624 1.989142385198
6958 5.73810412873634 3.99214045629171
6959 9.64252379193389 5.1889291347763
6960 17.1635872374805 6.98282633863288
6961 7.75844621464659 4.64792023699352
6962 9.04363380925634 5.03832147107765
6963 7.72403437373085 4.6350695028748
6964 6.83668803327487 4.36270731574072
6965 9.35923022197066 5.10564288855518
6966 7.953739463075 4.70323110419721
6967 7.38807746951122 4.53149864482526
6968 6.56787290431817 4.30162039033069
6969 6.32995714360366 4.19805067790063
6970 10.1668994004676 5.32499601099953
6971 5.10345833833905 3.76370386459486
6972 9.22355577719073 5.06900390969014
6973 6.77587662472847 4.3433644202028
6974 6.96290779902193 4.41212721843749
6975 12.0018604242285 5.822745953137
6976 18.5736292676169 7.21693710073478
6977 12.0093401854548 5.80151341667655
6978 6.36211330401954 4.20688353781114
6979 5.61377572488153 3.95265518934894
6980 6.15440094839529 4.1445118566155
6981 9.54722063327118 5.17162823147283
6982 4.78882661901712 3.64617306156754
6983 4.57193444077352 3.58053683289484
6984 14.6833253224174 6.42793981114476
6985 6.15611525472182 4.13413835270713
6986 7.53372023093157 4.58560991104076
6987 7.69520080811776 4.64103209223563
6988 6.45303670712183 4.23529479806145
6989 7.78967714139432 4.65914822317148
6990 11.1899755322613 5.5832312972165
6991 5.80770734773782 4.01610113911378
6992 7.92647908712011 4.69854064993277
6993 6.68740110015713 4.31088215773068
6994 4.88962372238178 3.68641846435582
6995 16.7946111683794 6.88179717586907
6996 5.81786845575629 4.02041167799989
6997 10.3266005424647 5.36899126247667
6998 7.21483149736617 4.5691722879306
6999 3.35139069325435 3.04964812099352
7000 5.73391852579295 3.98905808209106
7001 5.20871921612633 3.80267660176437
7002 8.10320580128388 4.74571029580349
7003 6.02113476706211 4.09539525330893
7004 4.89595351849449 3.6872609469986
7005 5.83925147135359 4.03867551274521
7006 5.25985769359397 3.82071098987777
7007 10.7669950450029 5.47877276724091
7008 7.34891127632396 4.51718924084397
7009 10.1788336186638 5.328280710509
7010 8.44133689116879 4.84789405037912
7011 6.62444704145952 4.29465038661173
7012 4.74280404180037 3.63055581603235
7013 9.01948129498848 5.03074732945469
7014 7.11369151029766 4.44626525160663
7015 4.8604402116009 3.67522819441448
7016 5.60367316294779 3.94668662708933
7017 4.75225578572426 3.63280308272267
7018 18.805808471482 7.33756115031463
7019 10.0467100424053 5.30059661485188
7020 11.6621801639484 5.70701536326134
7021 4.56600033020281 3.56160222470018
7022 6.07316368568024 4.10762398352204
7023 9.90194661496935 5.24714878076237
7024 13.6484068680402 6.22142283044211
7025 14.6449903802384 6.41587931626607
7026 12.0654805404073 5.84592249732941
7027 8.51495621138652 4.86688786675177
7028 12.7376634811792 5.97449802444461
7029 4.9775971755808 3.71770053633662
7030 6.31894340010601 4.19151525405412
7031 9.20818992551319 5.0651389097026
7032 11.3408045105932 5.6295381597115
7033 5.94080800968769 4.06431931658857
7034 6.80417394043057 4.35889098449381
7035 3.97622780893211 3.32423622934994
7036 10.2544973565829 5.35379597213456
7037 6.76617566946776 4.34301404996477
7038 5.4104610817546 3.87756106264155
7039 9.38440703519984 5.12867270130629
7040 6.76054781628684 4.33663501821914
7041 3.94971286481108 3.31062371634837
7042 11.0721174995495 5.56420935510291
7043 6.11859197903209 4.12656339607401
7044 4.59230569490321 3.57387956597402
7045 8.70955578087613 4.92918219081524
7046 5.23539608158074 3.81503839517051
7047 4.93337439193928 3.70353521770744
7048 5.97431641333943 4.08189460781379
7049 9.96603248420981 5.27678477009607
7050 12.9913972003497 6.02688197005416
7051 8.32735564878833 4.8175995361568
7052 9.44067384851714 5.13226553973528
7053 6.37787411549523 4.23190047498102
7054 3.6292333965963 3.19008637044229
7055 8.40527853441204 4.83589932996731
7056 11.3873814910722 5.63522432327347
7057 6.59434116080981 4.28124725963816
7058 8.75231823176594 4.93554531220092
7059 6.1313228901277 4.12841146588947
7060 5.54661744384184 3.92577270894629
7061 9.21206311460892 5.07301825548103
7062 4.48313494818067 3.53280163070322
7063 6.22489036158288 4.16581902377085
7064 4.62415794729711 3.58559944618475
7065 9.41980609690086 5.12108033588337
7066 7.49988125052946 4.57235850110962
7067 6.15273959598208 4.13296572008171
7068 6.41192380016263 4.22303863855442
7069 5.82298557427214 4.02446398054319
7070 7.41151861100318 4.61734882090757
7071 5.12994449002816 3.77647389572983
7072 6.1992093715457 4.15311278654415
7073 3.9523887953888 3.31398259810415
7074 7.37618291775383 4.53340582221153
7075 3.41817260477326 3.0813638238294
7076 11.4817756453019 5.74515546877857
7077 6.4508719466228 4.23666664433234
7078 4.08404488039677 3.36590938972684
7079 5.2638353007298 3.82321882734676
7080 5.3930907605617 3.8698708625925
7081 7.90675231241156 4.69439305437329
7082 7.75573428835723 4.64872754321846
7083 5.56237720198533 3.92947866318868
7084 6.76016407641228 4.33776312257843
7085 8.59468276158166 4.90526355545432
7086 4.80160209582081 3.65193693148664
7087 7.4535673731216 4.55994126920993
7088 5.78316900591252 4.00755247521424
7089 9.50760624551063 5.14591087739713
7090 6.45126994299653 4.25763672964828
7091 13.1827244497313 6.1140558499137
7092 5.4238025709744 3.88581207089398
7093 5.28503680686999 3.83309584302551
7094 7.20182836474683 4.47480145016599
7095 12.1791613235631 5.85520987922241
7096 5.96628585384042 4.06959375388188
7097 7.47286119068893 4.56558282299031
7098 5.45680061020131 3.89116820177189
7099 3.96088933031763 3.31477106289018
7100 5.47019868402297 3.89757756327797
7101 6.28832683890931 4.19443906699597
7102 5.82353595728017 4.02586664295579
7103 6.02855731806936 4.09147791465138
7104 8.67580501926452 4.92362146736692
7105 4.19934972215469 3.42026596195158
7106 6.37857955874555 4.26075922607599
7107 5.11101949901882 3.80538408668871
7108 17.1100964653865 6.94132597191546
7109 5.13719574082183 3.77994450520514
7110 9.21144755996352 5.06605480888102
7111 6.38280082720618 4.21972275186879
7112 9.91073345622006 5.25723372879615
7113 7.00687423651585 4.413418118564
7114 6.98978021017958 4.40721890325025
7115 4.25226465317746 3.4342394143735
7116 12.0382510643895 5.79782194989024
7117 5.46126755324406 3.89767719480962
7118 5.47397445475856 3.90815510096254
7119 4.33273540720725 3.46834033273318
7120 7.26002208913197 4.49447547519178
7121 6.58886183944504 4.28120249832718
7122 6.07601309812226 4.1093586092452
7123 5.6379719466615 3.95579508556447
7124 5.0712869097508 3.76757366153439
7125 7.71383648387446 4.64070462129402
7126 5.98702610182143 4.08616318184137
7127 4.76778200126852 3.63897562593585
7128 9.36605068651941 5.1126173452227
7129 9.61541392584437 5.19193672207978
7130 7.12399413091466 4.4539734296182
7131 13.2562432758389 6.10217412664564
7132 6.27511372499723 4.18423414716325
7133 7.7320467655131 4.64346312474229
7134 7.71507589052618 4.64697489113195
7135 7.09364606343574 4.44634141757918
7136 3.94908738641592 3.3119983611071
7137 5.1111268615139 3.76615351536878
7138 7.63549675149964 4.61448366868934
7139 8.86619257481333 4.99633217433456
7140 8.15833113610969 4.78058729822729
7141 7.66868191281909 4.62521962434287
7142 6.48659739223763 4.25861852219841
7143 5.45178806235155 3.89501746891099
7144 8.07580659488653 4.74507740308811
7145 5.07781484063815 3.75668061470127
7146 4.07024389275612 3.36215920942435
7147 4.78608973349534 3.64903609643765
7148 6.73310997018228 4.3250842927386
7149 10.9261154377519 5.52538350220025
7150 5.87425852155097 4.04970627372121
7151 6.52875040338229 4.26096687417825
7152 6.92790641712979 4.3967528288672
7153 5.5134782301125 3.9151924588266
7154 11.4664418721963 5.71094608477815
7155 6.64940378352145 4.30463315753178
7156 5.67324886787769 3.97066414640156
7157 13.6541908558344 6.17917719173087
7158 7.8442202012091 4.69489119257463
7159 4.85835903917796 3.67916688132385
7160 4.70162793831207 3.61475771254767
7161 11.2862739921765 5.60928128031102
7162 5.47922924421552 3.90208440168015
7163 4.76591459984247 3.63643903958203
7164 5.59983036722835 3.95164962953103
7165 12.1565099181521 6.15797304623827
7166 8.04551653290958 4.72998503028969
7167 4.96910146360474 3.71666668882342
7168 5.62128015162087 3.95424197705106
7169 5.5967936851814 3.94487590209975
7170 4.06863943040439 3.35945998943398
7171 4.41876003866933 3.50578566972216
7172 11.208636525295 5.62866838349484
7173 14.2666708189907 6.32795655341724
7174 7.10883472675537 4.44677282855934
7175 5.40202050239118 3.87554938762085
7176 5.03926272026717 3.74108352605426
7177 7.8797691966205 4.68384317327285
7178 5.07264444891375 3.75353202397389
7179 6.20547633114902 4.15844459676391
7180 5.17495921650528 3.79292323452671
7181 4.63715083678697 3.5870169828432
7182 12.7455955542727 5.99746449405302
7183 6.28781777176925 4.17965601456235
7184 6.92788061116169 4.42495079534756
7185 5.84071833696854 4.03060817171589
7186 8.63668733068262 4.90994915389141
7187 6.58200048358835 4.29480316459973
7188 6.90428795942975 4.38214460667771
7189 3.83880857196229 3.27599086797075
7190 7.80404795833189 4.66264688448549
7191 4.82027440653474 3.65778396879431
7192 2.99779925719797 2.8843531449995
7193 3.57967384018339 3.1579148035488
7194 3.32638046198769 3.04466539206636
7195 8.43217634112611 4.84416906889265
7196 4.59680921399176 3.5747614541255
7197 7.89327835989136 4.68736429385896
7198 5.60217878709097 3.94657389501594
7199 9.22746716777978 5.07061227115468
7200 14.1573790956906 6.45808641609052
7201 3.80225076238441 3.24912645571258
